0
28.0 1.47113342003e-06
40.0 4.4134002601e-06
41.0 4.4134002601e-05
45.0 0.000286871016906
50.0 0.000394263756569
51.0 0.000401619423669
56.0 0.0434705214285
80.0 0.0436632399066
88.2666666667 0.0437000182421
93.2307692308 0.0437014893755
109.777777778 0.0437029605089
121.416666667 0.0440369077952
125.142857143 0.0440383789287
134.583333333 0.0443414324132
142.181818182 0.04434437468
142.923076923 0.0443487880803
151.083333333 0.0443502592137
160.727272727 0.0443517303471
171.714285714 0.0443532014805
172.3 0.044354672614
194.285714286 0.0443561437474
204.125 0.0443620282811
214.0 0.0556367948122
226.857142857 0.0556382659456
238.0 0.0556485638796
257.166666667 0.0556544484132
267.0 0.0797707385678
289.0 0.0797751519681
299.6 0.0797795653683
324.0 0.0799546302453
363.25 0.0799590436456
364.0 0.0801238105886
388.666666667 0.080125281722
397.333333333 0.0801267528555
408.714285714 0.0801311662557
425.0 0.0803194713335
436.0 0.0884901463484
447.0 0.0893728264004
452.0 0.089739138622
469.333333333 0.0897553210896
471.0 0.089756792223
473.5 0.0897641478901
478.0 0.0918634552805
480.0 0.0922356520358
493.0 0.0924224859801
512.0 0.0926107910579
524.0 0.0931712928909
535.0 0.0931742351577
540.0 0.0933139928326
552.5 0.0933184062329
554.2 0.0933213484997
555.0 0.0933757804363
566.5 0.0933772515697
567.0 0.0933787227031
577.0 0.0933846072368
594.0 0.0965210636883
610.0 0.098292308326
628.0 0.0988675214933
634.0 0.0988881173611
644.0 0.0992411893819
654.0 0.099248545049
658.0 0.0998178736826
670.0 0.0999134973549
671.0 0.0999738138251
672.0 0.100347481714
681.5 0.100372490982
684.75 0.100378375516
700.0 0.102462971572
703.695652174 0.102464442705
710.0 0.102643920982
720.0 0.10282339926
721.333333333 0.102826341527
728.727272727 0.10282781266
733.863636364 0.102830754927
747.666666667 0.10283222606
748.0 0.103024944538
749.666666667 0.103030829072
751.0 0.103033771339
755.166666667 0.103035242472
757.0 0.103044069273
764.0 0.104351906883
774.0 0.10435484915
776.0 0.104537269694
782.0 0.104921235517
784.0 0.105456728082
793.0 0.105462612615
796.588235294 0.105464083749
802.0 0.106151103056
803.25 0.106309985465
808.8 0.106315869999
814.0 0.106542424546
820.0 0.107019071774
837.0 0.109702419132
840.0 0.10989513761
846.0 0.110080500421
852.0 0.110273218899
854.0 0.110460052843
856.0 0.11046740851
857.0 0.110623348653
858.0 0.112112135674
868.0 0.112627032371
870.0 0.112824164249
886.0 0.112872711652
890.6 0.112878596186
893.666666667 0.11288889412
896.0 0.350891801079
902.0 0.350935935082
914.0 0.351116884492
922.0 0.351308131837
926.0 0.351391986442
928.0 0.351396399842
934.0 0.351397870976
946.0 0.35140816891
950.0 0.352277608761
953.0 0.35231144483
954.285714286 0.352312915963
956.0 0.352498278774
959.0 0.352499749907
970.0 0.352688054985
978.0 0.35304701154
982.0 0.353439804163
990.625 0.353441275296
991.3125 0.35344274643
998.0 0.353523658768
999.0 0.353910566857
999.75 0.353913509124
1004.63636364 0.353914980257
1006.0 0.35447106869
1010.0 0.354812371644
1010.5 0.354813842777
1017.0 0.354841794312
1022.0 0.355037455057
1026.0 0.35565385996
1029.0 0.357603111741
1036.95652174 0.357604582875
1038.0 0.35792528996
1052.5 0.357932645627
1054.0 0.784774651783
1063.4 0.784779065183
1085.5 0.784815843518
1099.5 0.784848208454
1102.0 0.784855564121
1104.0 0.784865862055
1105.0 0.784867333188
1105.83333333 0.784874688855
1107.5 0.784909996057
1130.5 0.784930591925
1133.0 0.784942360993
1136.14285714 0.784943832126
1143.0 0.784945303259
1144.0 0.785001206329
1146.08333333 0.785002677463
1155.0 0.785174800073
1157.0 0.785738244173
1165.0 0.785742657573
1176.55555556 0.785744128707
1179.0 0.786172228532
1180.14285714 0.786176641932
1184.0 0.786183997599
1185.0 0.78654148302
1191.0 0.786728316965
1196.0 0.786744499432
1201.0 0.786938689044
1207.0 0.788249468921
1207.33333333 0.788250940054
1213.0 0.789205705644
1236.0 0.789321925184
1241.0 0.789694121939
1269.0 0.790663598863
1288.0 0.790848961674
1302.0 0.792502515638
1316.0 0.792505457905
1318.0 0.812402537411
1330.25 0.812404008544
1337.0 0.813194007191
1345.0 0.813199891725
1348.0 0.813363187534
1359.0 0.813552963745
1380.0 0.813558848279
1397.66666667 0.813560319412
1399.0 0.813676538953
1401.2 0.813678010086
1404.0 0.81369272142
1408.0 0.813694192554
1410.0 0.813700077087
1422.33333333 0.813704490488
1429.0 0.813881026498
1435.66666667 0.813883968765
1450.0 0.813885439898
1454.33333333 0.813894266699
1467.66666667 0.813898680099
1476.0 0.814282645922
1478.0 0.814285588189
1480.5 0.814291472722
1480.95454545 0.814292943856
1489.0 0.814478306667
1500.0 0.814573930339
1512.0 0.814575401472
1518.6 0.814576872606
1527.5 0.814579814873
1530.0 0.815144730106
1550.14285714 0.815149143506
1565.0 0.815294785715
1568.0 0.815296256848
1585.5 0.815297727982
1588.0 0.815299199115
1590.0 0.815302141382
1595.0 0.815334506317
1602.0 0.815371284653
1606.5 0.815385995987
1623.0 0.815413947522
1625.0 0.815418360922
1626.25 0.815424245456
1639.5 0.815427187723
1647.75 0.815428658856
1650.23076923 0.815430129989
1651.28571429 0.815431601123
1659.8 0.815433072256
1666.4 0.81543454339
1672.5 0.815466908325
1680.69230769 0.815468379458
1688.0 0.815767019543
1699.0 0.819625802503
1700.18181818 0.819627273637
1702.2 0.81962874477
1709.0 0.819630215904
1710.36842105 0.819634629304
1713.6 0.819637571571
1715.0 0.820374609414
1716.0 0.820379022814
1720.0 0.822010509777
1730.14285714 0.822011980911
1731.0 0.82256659821
1733.4 0.822568069343
1753.2 0.82257101161
1759.0 0.822681346617
1762.0 0.845035218934
1765.0 0.845036690067
1779.0 0.845039632334
1783.0 0.846924154245
1784.5 0.846928567646
1785.16666667 0.846993297516
1787.0 0.847177189194
1795.0 0.84718013146
1803.0 0.847371378805
1803.83333333 0.847386090139
1809.0 0.847765642562
1811.0 0.847830372432
1831.15384615 0.847831843566
1832.71428571 0.847833314699
1835.0 0.847834785832
1838.5 0.847836256966
1844.5 0.847861266234
1854.57142857 0.847862737367
1865.0 0.84801426411
1867.0 0.848020148643
1871.0 0.848021619777
1875.0 0.848028975444
1883.0 0.848033388844
1884.0 0.848034859978
1888.0 0.848039273378
1889.0 0.848233462989
1891.0 0.848482084537
1899.0 0.848486497937
1906.0 0.848585063877
1907.0 0.849021990502
1908.29411765 0.849070537905
1909.33333333 0.849072009039
1911.0 0.849076422439
1915.0 0.849077893572
1919.0 0.849288265651
1922.22222222 0.849289736785
1930.6 0.849291207918
1934.0 0.849360351189
1935.0 0.849364764589
1939.0 0.849544242866
1943.5 0.849545714
1944.0 0.849856123152
1949.0 0.849859065418
1949.33333333 0.849860536552
1951.0 0.849870834486
1954.0 0.849872305619
1959.0 0.849879661286
1968.0 0.84988113242
1968.66666667 0.849882603553
1974.0 0.850069437497
1975.0 0.850260684842
1976.5 0.850262155975
1977.0 0.853779635983
1979.0 0.853784049383
1981.41666667 0.853785520516
1983.0 0.853975296728
1991.0 0.854066507
1995.0 0.8540709204
1995.07692308 0.854073862667
2004.5 0.854076804934
2005.0 0.854078276067
2006.78571429 0.8540797472
2007.0 0.854082689467
2011.0 0.854088574001
2015.0 0.854091516268
2018.5 0.854092987401
2019.0 0.854269523412
2025.8125 0.854373973884
2027.0 0.854379858418
2037.66666667 0.854381329552
2038.0 0.854382800685
2039.0 0.854385742952
2040.0 0.854575519163
2043.0 0.85475941084
2046.5 0.854760881974
2046.83333333 0.854762353107
2047.0 0.855843636171
2054.0 0.855845107304
2055.0 0.855850991838
2061.0 0.855853934105
2063.0 0.855858347505
2067.0 0.855862760906
2070.0 0.855868645439
2071.0 0.856070190718
2073.0 0.856071661851
2075.0 0.856362946268
2076.0 0.856464454474
2083.0 0.856482108075
2084.33333333 0.856483579209
2086.0 0.856605683283
2087.0 0.85678074816
2095.0 0.856971995504
2096.0 0.856973466638
2099.0 0.857014658373
2102.0 0.858912420485
2103.0 0.858915362752
2104.0 0.859728899533
2111.0 0.859928973678
2115.0 0.860052548886
2117.0 0.860055491153
2118.5 0.860058433419
2127.0 0.860271747765
2129.0 0.860284987966
2131.0 0.861339790628
2136.0 0.861341261762
2139.0 0.861342732895
2143.0 0.861347146295
2145.0 0.861357444229
2150.0 0.861358915363
2159.0 0.996036766566
2187.0 0.997103338296
2188.5 0.997104809429
2216.5 0.997106280563
2236.5 0.997107751696
2243.0 0.997716800932
2245.0 0.998013969883
2248.0 0.998015441016
2251.5 0.99801691215
2262.0 0.998596538717
2311.0 0.998599480984
2328.5 0.998600952118
2339.0 0.998602423251
2416.0 0.998603894384
2420.0 0.998983446807
2465.0 0.99898491794
2528.0 0.998986389074
2531.5 0.998987860207
2566.5 0.99898933134
2578.0 0.999184992085
2603.0 0.999186463219
2612.0 0.999187934352
2619.0 0.999189405486
2675.0 0.999190876619
2704.0 0.99938506623
2704.5 0.999386537364
2710.0 0.999388008497
2713.5 0.999389479631
2748.5 0.999390950764
2762.5 0.999392421898
2785.5 0.999393893031
2790.5 0.999395364164
2815.0 0.999396835298
2817.0 0.999582198109
2818.5 0.999583669242
2832.5 0.999585140376
2836.0 0.999586611509
2867.5 0.999588082642
2894.0 0.999761676386
2897.5 0.999763147519
2976.0 0.99976756092
2993.5 0.999769032053
2995.5 0.999770503186
3072.5 0.99977197432
3100.5 0.999773445453
3172.0 0.999774916587
3186.0 0.99977638772
3200.0 0.999777858854
3210.5 0.999779329987
3312.0 0.99978080112
3340.0 0.999782272254
3368.0 0.999783743387
3459.0 0.999785214521
3520.5 0.999786685654
3571.0 0.999788156788
3627.0 0.999791099054
3921.0 0.999794041321
3975.0 0.999795512455
3978.0 0.999798454721
3984.0 0.999801396988
3985.0 0.999802868122
3992.0 0.999804339255
3993.0 0.999807281522
3999.0 0.999808752655
4000.0 0.999810223789
4004.0 0.999811694922
4021.0 0.999814637189
4027.0 0.999816108323
4028.0 0.999817579456
4033.0 0.999819050589
4056.0 0.999820521723
4062.2 0.999821992856
4064.0 0.999826406256
4067.2 0.99982787739
4069.90909091 0.999829348523
4070.11111111 0.999830819657
4071.91666667 0.99983229079
4073.14285714 0.999833761924
4074.83333333 0.999835233057
4077.0 0.99983670419
4079.0 0.999839646457
4085.0 0.999842588724
4087.0 0.999845530991
4088.66666667 0.999847002124
4089.0 0.999848473258
4089.14285714 0.999849944391
4089.8 0.999851415525
4094.6 0.999852886658
4094.8 0.999854357791
4098.0 0.999861713459
4099.0 0.999864655725
4100.0 0.999869069126
4101.0 0.999870540259
4101.85714286 0.999872011392
4102.0 0.99987936706
4103.0 0.999880838193
4104.0 0.999885251593
4105.0 0.999886722727
4105.5 0.99988819386
4105.6 0.999889664994
4106.0 0.999894078394
4106.33333333 0.999895549527
4107.0 0.999899962927
4107.5 0.999901434061
4108.0 0.999904376328
4108.25 0.999905847461
4108.54545455 0.999907318595
4108.8 0.999908789728
4109.0 0.999910260861
4109.125 0.999911731995
4109.55555556 0.999913203128
4109.77777778 0.999914674262
4110.0 0.999917616528
4110.90909091 0.999919087662
4111.0 0.999923501062
4111.33333333 0.999924972196
4112.14285714 0.999926443329
4112.42857143 0.999927914462
4113.0 0.999933798996
4115.0 0.999947039197
4115.14285714 0.99994851033
4115.4 0.999949981464
4115.84615385 0.999951452597
4116.0 0.999952923731
4117.0 0.999960279398
4118.0 0.999966163931
4119.0 0.999973519598
4120.0 0.999974990732
4121.0 0.999985288666
4122.0 0.999986759799
4123.0 0.999994115466
4124.0 1.0