X
1 0.0479922877022
2 0.0626903624221
3 0.0739346690139
4 0.0857769581133
5 0.096764188113
6 0.108086735407
7 0.118165814402
8 0.128784195378
9 0.140249252522
10 0.153312655434
11 0.167504959902
12 0.180847793892
13 0.19396987733
14 0.210137759522
15 0.536359571912
16 0.541333445106
17 0.545762427697
18 0.550065666303
19 0.554796434459
20 0.560267694973
21 0.565850727918
22 0.570858132842
23 0.57734652248
24 0.58690585967
25 0.997093916785
26 0.997135831447
27 0.997174951798
28 0.997208483528
29 0.997236426635
30 0.997761757063
31 0.997792494481
32 0.997803671724
33 0.997828820521
34 0.997851175008
35 0.997870735183
36 0.99789588398
37 0.997935004331
38 0.997946181574
39 0.997993684858
40 0.998164137815
41 0.99818090368
42 0.998203258166
43 0.99821722972
44 0.998247967139
45 0.998264733004
46 0.998289881801
47 0.998312236287
48 0.998351356638
49 0.998401654232
50 1.0