uniform(0,3.92)
1.0 0.0868851397871
4.92 0.124775652153
8.84 0.170479354114
12.76 0.757880861731
16.68 0.768064047265
20.6 0.782135438427
24.52 0.998236111029
28.44 0.998827506664
32.36 0.998876054067
36.28 0.999017282875
40.2 0.999061416878
44.12 0.999115848815
48.04 0.999983817532
51.96 0.999983817532
55.88 0.999983817532
59.8 0.999986759799
63.72 0.999986759799
67.64 0.999986759799
71.56 0.999991173199
75.48 0.999991173199
79.4 0.999991173199
83.32 0.999991173199
87.24 0.999991173199
91.16 0.999991173199
95.08 0.999991173199
99.0 0.999991173199
102.92 0.999991173199
106.84 0.999991173199
110.76 0.999991173199
114.68 0.999991173199
118.6 0.999992644333
122.52 0.999992644333
126.44 0.999992644333
130.36 0.999992644333
134.28 0.999992644333
138.2 0.999992644333
142.12 0.999992644333
146.04 0.999992644333
149.96 0.999992644333
153.88 0.999992644333
157.8 0.999992644333
161.72 0.999992644333
165.64 0.999992644333
169.56 0.999992644333
173.48 0.999992644333
177.4 0.999992644333
181.32 0.999992644333
185.24 0.999992644333
189.16 0.999992644333
193.08 0.999992644333
197.0 0.999992644333
200.92 0.999992644333
204.84 0.999992644333
208.76 0.999992644333
212.68 0.999992644333
216.6 0.999992644333
220.52 0.999992644333
224.44 0.999992644333
228.36 0.999992644333
232.28 0.999992644333
236.2 0.999992644333
240.12 0.999992644333
244.04 0.999992644333
247.96 0.999992644333
251.88 0.999994115466
255.8 0.999994115466
259.72 0.999994115466
263.64 0.999994115466
267.56 0.999994115466
271.48 0.999994115466
275.4 0.9999955866
279.32 0.9999955866
283.24 0.9999955866
287.16 0.9999955866
291.08 0.9999955866
295.0 0.9999955866
298.92 0.9999955866
302.84 0.9999955866
306.76 0.9999955866
310.68 0.9999955866
314.6 0.9999955866
318.52 0.9999955866
322.44 0.9999955866
326.36 0.9999955866
330.28 0.9999955866
334.2 0.9999955866
338.12 0.9999955866
342.04 0.9999955866
345.96 0.9999955866
349.88 0.9999955866
353.8 0.999998528867
357.72 0.999998528867
361.64 0.999998528867
365.56 0.999998528867
369.48 0.999998528867
373.4 0.999998528867
377.32 0.999998528867
381.24 0.999998528867
385.16 0.999998528867
389.08 1.0