uniform(X,X+0.000002)
0.000229990800368 0.121621621622
0.000246069859357 0.22972972973
0.000262148918346 0.391891891892
0.000278227977334 0.567567567568
0.000294307036323 0.72972972973
0.000310386095312 0.824324324324
0.000326465154301 0.851351351351
0.000342544213289 0.851351351351
0.000358623272278 0.878378378378
0.000374702331267 0.891891891892
0.000390781390256 0.945945945946
0.000406860449244 0.959459459459
0.000422939508233 0.972972972973
0.000439018567222 0.986486486486
0.000455097626211 0.986486486486
0.0004711766852 0.986486486486
0.000487255744188 0.986486486486
0.000503334803177 0.986486486486
0.000519413862166 0.986486486486
0.000535492921155 1.0