uniform(X,X+0.000001)
0.000457456541629 0.0116959064327
0.000467369402213 0.0116959064327
0.000477282262796 0.0292397660819
0.00048719512338 0.0409356725146
0.000497107983964 0.0643274853801
0.000507020844548 0.0994152046784
0.000516933705132 0.152046783626
0.000526846565716 0.210526315789
0.0005367594263 0.292397660819
0.000546672286884 0.380116959064
0.000556585147468 0.456140350877
0.000566498008052 0.555555555556
0.000576410868636 0.637426900585
0.00058632372922 0.690058479532
0.000596236589804 0.771929824561
0.000606149450388 0.818713450292
0.000616062310972 0.859649122807
0.000625975171556 0.906432748538
0.00063588803214 0.947368421053
0.000645800892724 0.959064327485
0.000655713753308 0.976608187135
0.000665626613892 0.982456140351
0.000675539474476 0.988304093567
0.00068545233506 0.994152046784
0.000695365195644 0.994152046784
0.000705278056228 0.994152046784
0.000715190916812 0.994152046784
0.000725103777396 0.994152046784
0.00073501663798 0.994152046784
0.000744929498564 0.994152046784
0.000754842359148 0.994152046784
0.000764755219731 0.994152046784
0.000774668080315 0.994152046784
0.000784580940899 0.994152046784
0.000794493801483 0.994152046784
0.000804406662067 0.994152046784
0.000814319522651 0.994152046784
0.000824232383235 0.994152046784
0.000834145243819 0.994152046784
0.000844058104403 1.0
