X
29 0.000957166786313
31 0.00502512562814
33 0.00813591768366
35 0.0165111270639
39 0.0172290021536
45 0.0174682938502
93 0.0452261306533
95 0.101938262742
97 0.127542474276
99 0.183776022972
101 0.244316822206
103 0.281407035176
105 0.290739411342
107 0.324718832257
109 0.368987796123
111 0.402967217038
113 0.477147642977
115 0.517348648002
117 0.623115577889
119 0.642498205312
121 0.693228044987
123 0.728403924384
125 0.746350801627
127 0.760947595118
223 0.761186886815
225 0.761665470208
229 0.761904761905
239 0.785116056473
241 0.785594639866
243 0.786551806652
245 0.823642019622
247 0.846374730797
249 0.853792773391
251 0.896386695382
253 0.958841828189
255 1.0