X
62 0.00287150035894
63 0.00646087580761
64 0.00933237616655
65 0.0184254606365
66 0.0236898779612
67 0.0318257956449
68 0.0373295046662
69 0.056712132089
70 0.0574300071788
71 0.0715482172769
72 0.0722660923666
73 0.0815984685331
74 0.0825556353195
75 0.0906915530031
76 0.093563053362
77 0.111031347212
78 0.112467097392
79 0.121081598469
80 0.13424264178
81 0.152668102417
82 0.157693228045
83 0.167743479301
84 0.170136396267
85 0.187604690117
86 0.1888011486
87 0.211773151472
88 0.218473318976
89 0.226609236659
90 0.229720028715
91 0.243598947117
92 0.249581239531
93 0.265853074898
94 0.269681742044
95 0.281167743479
96 0.28738932759
97 0.291217994736
99 0.304618329744
100 0.305096913137
101 0.315147164393
102 0.317300789663
103 0.33285474994
104 0.333811916726
105 0.34194783441
106 0.342187126107
107 0.357262502991
108 0.358937544867
109 0.370662838
110 0.371380713089
111 0.387891840153
112 0.392199090692
113 0.411581718114
114 0.412538884901
115 0.422589136157
116 0.425221344819
117 0.436228762862
118 0.441493180187
119 0.450586264657
120 0.460397224216
121 0.46925101699
122 0.477147642977
123 0.482412060302
124 0.488633644413
125 0.499162479062
126 0.501555396028
127 0.50562335487
190 0.507537688442
191 0.51399856425
192 0.521177315147
193 0.531227566403
194 0.53218473319
195 0.536970567121
196 0.540081359177
197 0.54893515195
198 0.549892318737
199 0.556113902848
200 0.559703278296
201 0.564010528835
202 0.566164154104
203 0.580043072505
204 0.583871739651
205 0.595597032783
206 0.597989949749
207 0.607561617612
208 0.608279492702
209 0.615458243599
210 0.619765494137
211 0.629576453697
212 0.636276621201
213 0.646326872458
214 0.648480497727
215 0.657573582197
216 0.659009332376
217 0.665230916487
218 0.66714525006
219 0.677913376406
220 0.678631251496
221 0.688202919359
222 0.691553003111
223 0.70351758794
224 0.704474754726
225 0.719789423307
226 0.720507298397
227 0.73773630055
228 0.739411342426
229 0.747307968413
230 0.749940177076
231 0.768365637712
232 0.771955013161
233 0.78463747308
234 0.791337640584
235 0.814788226849
236 0.819813352477
237 0.839435271596
238 0.843503230438
239 0.85522852357
240 0.864560899737
241 0.867432400096
242 0.869346733668
243 0.878679109835
244 0.880593443408
245 0.888011486001
246 0.890404402967
247 0.915051447715
248 0.925580282364
249 0.942569992821
250 0.948073701843
251 0.960995453458
252 0.971524288107
253 0.99090691553
254 0.996171332855
255 1.0