0
4 0.00206841358857
5 0.00627438403644
6 0.00766754738521
7 0.0142111488375
8 0.0174741227631
9 0.0233513007762
10 0.0271777188017
11 0.0360810182597
12 0.0368960261744
13 0.0435381935659
14 0.0463436449979
15 0.05271512384
20 0.0550483414442
21 0.058998334677
22 0.0600060610697
23 0.063439686472
24 0.0667835727358
25 0.0739524058916
26 0.081855334624
27 0.0909366412259
28 0.0925740127224
29 0.0979142270371
30 0.101075692757
31 0.104291590413
36 0.107517786003
37 0.114543919217
38 0.117693615869
39 0.121992267723
40 0.125547997199
41 0.138017324067
42 0.142518992332
43 0.15509129854
44 0.157930586041
45 0.164887575984
46 0.165615787027
47 0.174221917534
52 0.174876571906
53 0.178926602211
54 0.182110134932
55 0.188981799137
56 0.193092145913
57 0.203596038532
58 0.208800908572
59 0.226223541665
60 0.22946003519
61 0.233870493183
62 0.236241960256
63 0.240946644933
68 0.241757239448
69 0.250982717125
70 0.254628185739
71 0.25860318824
72 0.264973195949
73 0.273326291508
74 0.276097906871
75 0.2861972378
76 0.289667641538
77 0.293530837899
78 0.295438897945
79 0.297923642291
84 0.299452149914
85 0.307658132131
86 0.308949787274
87 0.311349205882
88 0.314878454957
89 0.332907195019
90 0.33693810059
91 0.347508194213
92 0.348833685425
93 0.360367371438
94 0.363715671102
95 0.366384307126
100 0.368591007256
101 0.3732986342
102 0.375980510424
103 0.381644374092
104 0.387333247027
105 0.397378146019
106 0.401123651706
107 0.412747076858
108 0.414203498944
109 0.418209395246
110 0.422990578862
111 0.426178524983
116 0.433426799343
117 0.436497054791
118 0.437379734843
119 0.441500379552
120 0.445899068478
121 0.454537563921
122 0.458128600599
123 0.46793223371
124 0.46866338702
125 0.475645386231
126 0.478386107793
127 0.482637683377
132 0.485432836875
133 0.489509347582
134 0.492023514597
135 0.497243095971
136 0.500220670013
137 0.511658732354
138 0.521124004778
139 0.53240759811
140 0.532585605254
141 0.541334435703
142 0.549577196255
143 0.553524247221
148 0.554620241619
149 0.56136538835
150 0.562081830325
151 0.565684636071
152 0.56792517227
153 0.57685936553
154 0.580538670213
155 0.596209183403
156 0.598593890677
157 0.605908366042
158 0.607338307726
159 0.614036378187
164 0.614964663375
165 0.62086832179
166 0.62195254712
167 0.627848849868
168 0.634245337978
169 0.645659862184
170 0.648812501103
171 0.659354643191
172 0.660215256242
173 0.664965546055
174 0.667472357403
175 0.673018530397
180 0.673786462042
181 0.679135503157
182 0.681173022944
183 0.691694569164
184 0.695616610862
185 0.716565550763
186 0.720640590336
187 0.733257030547
188 0.73438097648
189 0.740849550127
190 0.742464854623
191 0.749642514579
196 0.752191988796
197 0.755444664788
198 0.757732277256
199 0.768905535581
200 0.77216998064
201 0.783537428576
202 0.786753326233
203 0.800417213438
204 0.804411340673
205 0.810846078253
206 0.813953112036
207 0.817801597062
212 0.819855299317
213 0.823756745147
214 0.825807505134
215 0.829252899604
216 0.832451143659
217 0.846479871953
218 0.848486497937
219 0.865907659897
220 0.866615275073
221 0.871753944109
222 0.872866120974
223 0.878222517757
228 0.878766837122
229 0.881503145283
230 0.883275861054
231 0.888227696146
232 0.892917669489
233 0.904561690509
234 0.90888535163
235 0.918934664023
236 0.919679057533
237 0.923843836245
238 0.92550621701
239 0.937045787557
244 0.938137368554
245 0.943336354061
246 0.946315399236
247 0.953791699277
248 0.956657467179
249 0.966440504422
250 0.970012416366
251 0.981881520799
252 0.984076451862
253 0.988057338896
254 0.990684783184
255 1.0