X
12 0.000239291696578
13 0.010768126346
14 0.0112467097392
15 0.0201005025126
16 0.0205790859057
17 0.0303900454654
18 0.0311079205552
19 0.0440296721704
20 0.044268963867
21 0.0574300071788
22 0.0583871739651
23 0.0729839674563
24 0.0732232591529
25 0.0820770519263
26 0.0830342187126
27 0.0978703039005
28 0.0988274706868
29 0.104091888011
30 0.104331179708
31 0.111270638909
45 0.121560181862
46 0.122038765255
47 0.136156975353
48 0.136635558746
49 0.150753768844
51 0.167025604212
52 0.167504187605
53 0.180665230916
54 0.180904522613
55 0.191911940656
57 0.202201483609
58 0.202680067002
59 0.214405360134
60 0.214644651831
61 0.219669777459
62 0.220148360852
63 0.226609236659
76 0.226848528356
77 0.235702321129
79 0.247666905958
80 0.248145489352
81 0.26226369945
82 0.262742282843
83 0.278056951424
84 0.27829624312
85 0.293132328308
86 0.293850203398
87 0.313711414214
88 0.313950705911
89 0.32519741565
91 0.339076334051
93 0.346255084949
94 0.346494376645
95 0.354630294329
108 0.356066044508
109 0.370184254606
110 0.371141421393
111 0.394592007657
112 0.395309882747
113 0.414453218473
114 0.415171093563
115 0.430246470447
116 0.430964345537
117 0.45178272314
118 0.452261306533
119 0.473797559225
121 0.487197894233
122 0.487915769323
123 0.504666188083
124 0.505144771476
125 0.51399856425
127 0.52165589854
140 0.521895190237
141 0.527638190955
142 0.527877482651
143 0.537449150514
144 0.537688442211
145 0.546781526681
146 0.547260110074
147 0.55874611151
148 0.559224694903
149 0.573582196698
150 0.574778655181
151 0.589136156975
153 0.597511366356
155 0.609236659488
156 0.609715242881
157 0.615697535296
158 0.615936826992
159 0.62167982771
172 0.621919119407
173 0.629337162
174 0.63005503709
175 0.644651830581
176 0.645130413975
177 0.656855707107
178 0.657094998804
179 0.670256042115
180 0.671213208902
181 0.687245752572
182 0.688442211055
183 0.708064130175
185 0.719071548217
187 0.736061258674
188 0.736300550371
189 0.743240009572
191 0.748743718593
204 0.74898301029
205 0.756401052883
206 0.75664034458
207 0.768844221106
208 0.769562096195
209 0.782005264417
210 0.782244556114
211 0.79373055755
212 0.794448432639
213 0.807609475951
214 0.808088059344
215 0.825077769801
216 0.825795644891
217 0.834888729361
218 0.835367312754
219 0.849724814549
220 0.850203397942
221 0.857860732233
222 0.858339315626
223 0.86432160804
237 0.872936109117
238 0.87341469251
239 0.890165111271
240 0.890643694664
241 0.905958363245
242 0.906197654941
243 0.917444364681
244 0.91816223977
245 0.937305575497
246 0.938741325676
247 0.957884661402
248 0.958363244795
249 0.969849246231
250 0.970327829624
251 0.983488872936
252 0.983967456329
253 0.991385498923
254 0.99162479062
255 1.0