X
29 0.000772345045517
31 0.00383524482602
33 0.00634205617376
35 0.0127047082154
39 0.0132284317129
45 0.0135697346664
93 0.0428335206577
95 0.142364523323
97 0.171924007132
99 0.243125393528
101 0.310763694781
103 0.342785855935
105 0.349907612821
107 0.375773080612
109 0.40752161095
111 0.432544119291
113 0.490287577161
115 0.518598068696
117 0.59807458058
119 0.611828206924
121 0.647803303577
123 0.675341450067
125 0.68738267711
127 0.698038096471
223 0.698060163472
225 0.698800143583
229 0.699843177177
239 0.718142605789
241 0.718514802544
243 0.719253311521
245 0.74569399248
247 0.76250022067
249 0.770488475141
251 0.836802756316
253 0.93806234075
255 1.0