rnd(X + uniform(0,0.002986), 3)
0.0 0.240435917811
0.002986 0.45658144784
0.005972 0.565509300553
0.008958 0.634553209306
0.011944 0.695805499983
0.01493 0.7400371226
0.017916 0.772499495056
0.020902 0.800642200347
0.023888 0.821010979031
0.026874 0.838248367593
0.02986 0.852317508805
0.032846 0.864840120715
0.035832 0.877890528135
0.038818 0.88922781158
0.041804 0.898633776259
0.04479 0.904452795473
0.047776 0.910093425702
0.050762 0.916413703223
0.053748 0.921992413308
0.056734 0.927811432523
0.05972 0.932297694359
0.062706 0.93607924599
0.065692 0.939129550209
0.068678 0.94166680181
0.071664 0.94454608849
0.07465 0.947230769004
0.077636 0.9510712922
0.080622 0.95333580031
0.083608 0.955336410666
0.086594 0.957497718538
0.08958 0.959510123206
0.092566 0.961313178818
0.095552 0.9633373778
0.098538 0.965169919194
0.101524 0.966651579775
0.10451 0.968227594859
0.107496 0.969762329849
0.110482 0.970828240893
0.113468 0.97224798133
0.116454 0.973477538468
0.11944 0.974648124041
0.122426 0.975812812457
0.125412 0.976999615211
0.128398 0.977808999945
0.131384 0.979699038616
0.13437 0.980334457233
0.137356 0.980865201322
0.140342 0.981410688301
0.143328 0.981792529187
0.146314 0.98224808453
0.1493 0.982848120208
0.152286 0.983302201261
0.155272 0.983740065134
0.158258 0.983999540022
0.161244 0.98436074086
0.16423 0.984668867289
0.167216 0.984976993718
0.170202 0.985386846097
0.173188 0.985606515179
0.176174 0.986269945289
0.17916 0.986588391742
0.182146 0.986951066869
0.185132 0.987340279201
0.188118 0.98758058833
0.191104 0.987913777674
0.19409 0.988367858728
0.197076 0.988643550796
0.200062 0.988751173903
0.203048 0.988886808503
0.206034 0.989031288838
0.20902 0.989186089197
0.212006 0.989448512663
0.214992 0.98953991859
0.217978 0.989697667527
0.220964 0.989830353549
0.22395 0.989989576776
0.226936 0.990131108533
0.229922 0.99032276612
0.232908 0.990397954866
0.235894 0.990490835082
0.23888 0.990598458188
0.241866 0.990666275489
0.244852 0.990737041367
0.247838 0.990796012932
0.250824 0.990946390424
0.25381 0.991014207724
0.256796 0.991087922181
0.259782 0.991149842325
0.262768 0.991194070999
0.265754 0.991422585815
0.26874 0.99149924885
0.271726 0.991605397667
0.274712 0.991659946365
0.277698 0.991721866509
0.280684 0.991780838074
0.28367 0.991811798146
0.286656 0.991869295422
0.289642 0.991929741277
0.292628 0.991999032866
0.295614 0.992100758817
0.2986 0.99216267896
0.301586 0.992215753369
0.304572 0.992267353489
0.307558 0.992286519248
0.310544 0.992344016524
0.31353 0.992397090933
0.316516 0.992430999583
0.319502 0.992472279679
0.322488 0.992526828377
0.325474 0.992575479918
0.32846 0.992632977194
0.331446 0.992677205868
0.334432 0.99272585741
0.337418 0.992773034662
0.340404 0.992814314758
0.34339 0.992871812034
0.346376 0.992914566419
0.349362 0.992957320804
0.352348 0.993008920924
0.355334 0.993044303863
0.35832 0.993079686802
0.361306 0.993147504102
0.364292 0.993179938463
0.367278 0.993233012872
0.370264 0.993283138703
0.37325 0.993327367377
0.376236 0.99337307034
0.379222 0.993418773303
0.382208 0.993483642025
0.385194 0.993541139301
0.38818 0.993579470819
0.391166 0.993623699493
0.394152 0.993684145347
0.397138 0.9937313226
0.400124 0.993782922719
0.40311 0.993822728526
0.406096 0.993856637176
0.409082 0.993890545826
0.412068 0.993933300211
0.415054 0.993973106018
0.41804 0.994012911824
0.421026 0.9940704091
0.424012 0.994095472016
0.426998 0.994132329244
0.429984 0.994178032207
0.43297 0.994214889436
0.435956 0.994257643821
0.438942 0.994288603892
0.441928 0.994323986832
0.444914 0.99436084406
0.4479 0.994409495601
0.450886 0.994459621432
0.453872 0.994492055793
0.456858 0.994540707334
0.459844 0.99458198743
0.46283 0.994630638972
0.465816 0.994680764802
0.468802 0.994720570609
0.471788 0.994748582102
0.474774 0.994783965042
0.47776 0.994819347981
0.480746 0.994856205209
0.483732 0.994887165281
0.486718 0.994916651064
0.489704 0.994952034003
0.49269 0.994975622629
0.495676 0.995006582701
0.498662 0.99504196564
0.501648 0.995072925712
0.504634 0.995099462916
0.50762 0.995140743012
0.510606 0.995168754506
0.513592 0.995207086023
0.516578 0.995245417541
0.519564 0.995285223347
0.52255 0.99531470913
0.525536 0.995357463515
0.528522 0.995388423587
0.531508 0.995422332237
0.534494 0.995453292309
0.53748 0.995479829513
0.540466 0.995512263874
0.543452 0.995541749657
0.546438 0.995568286861
0.549424 0.995608092668
0.55241 0.995642001318
0.555396 0.995674435679
0.558382 0.995702447173
0.561368 0.99572308722
0.564354 0.995752573003
0.56734 0.995780584497
0.570326 0.995815967436
0.573312 0.995846927508
0.576298 0.995869041845
0.579284 0.995888207603
0.58227 0.995910321941
0.585256 0.995920641964
0.588242 0.995944230591
0.591228 0.995969293506
0.594214 0.996000253578
0.5972 0.99603121365
0.600186 0.996050379408
0.603172 0.996069545167
0.606158 0.996101979528
0.609144 0.996124093865
0.61213 0.99614915678
0.615116 0.996180116852
0.618102 0.996197808322
0.621088 0.996221396948
0.624074 0.996246459863
0.62706 0.996272997068
0.630046 0.996290688537
0.633032 0.996318700031
0.636018 0.996349660103
0.639004 0.996365877283
0.64199 0.996383568753
0.644976 0.996408631668
0.647962 0.996435168872
0.650948 0.996460231788
0.653934 0.996486768992
0.65692 0.996516254775
0.659906 0.996536894823
0.662892 0.996553112003
0.665878 0.996585546364
0.668864 0.996601763545
0.67185 0.996617980725
0.674836 0.996634197906
0.677822 0.996648940797
0.680808 0.996668106556
0.683794 0.996690220893
0.68678 0.996706438073
0.689766 0.996727078121
0.692752 0.996735923856
0.695738 0.996752141036
0.698724 0.996771306795
0.70171 0.996786049686
0.704696 0.996805215445
0.707682 0.996821432626
0.710668 0.996840598384
0.713654 0.996855341276
0.71664 0.996868609878
0.719626 0.99688187848
0.722612 0.996901044239
0.725598 0.996912838552
0.728584 0.996927581443
0.73157 0.996940850046
0.734556 0.99695117007
0.737542 0.996964438672
0.740528 0.99698507872
0.743514 0.996999821611
0.7465 0.997007193057
0.749486 0.997017513081
0.752472 0.997030781683
0.755458 0.997044050285
0.758444 0.997064690333
0.76143 0.997080907513
0.764416 0.997089753248
0.767402 0.997098598983
0.770388 0.997113341874
0.773374 0.997122187609
0.77636 0.997135456211
0.779346 0.997156096259
0.782332 0.997167890572
0.785318 0.997179684885
0.788304 0.99718853062
0.79129 0.997200324933
0.794276 0.997212119246
0.797262 0.997231285005
0.800248 0.997238656451
0.803234 0.997251925053
0.80622 0.997265193655
0.809206 0.997284359414
0.812192 0.997297628016
0.815178 0.99730794804
0.818164 0.997324165221
0.82115 0.997333010955
0.824136 0.997337433823
0.827122 0.997353651003
0.830108 0.997361022449
0.833094 0.997369868184
0.83608 0.997381662497
0.839066 0.997389033943
0.842052 0.997399353967
0.845038 0.997408199701
0.848024 0.997415571147
0.85101 0.997424416882
0.853996 0.997439159773
0.856982 0.997448005508
0.859968 0.997462748399
0.862954 0.997474542712
0.86594 0.997490759893
0.868926 0.997499605628
0.871912 0.997520245676
0.874898 0.997527617121
0.877884 0.997537937145
0.88087 0.997543834302
0.883856 0.997555628615
0.886842 0.99756300006
0.889828 0.997570371506
0.892814 0.997577742952
0.8958 0.997586588687
0.898786 0.997595434421
0.901772 0.997605754445
0.904758 0.997610177313
0.907744 0.997621971626
0.91073 0.997639663095
0.913716 0.997655880276
0.916702 0.997664726011
0.919688 0.997667674589
0.922674 0.997675046035
0.92566 0.997677994613
0.928646 0.997685366059
0.931632 0.997701583239
0.934618 0.997708954685
0.937604 0.997719274709
0.94059 0.997726646154
0.943576 0.997732543311
0.946562 0.997739914757
0.949548 0.997741389046
0.952534 0.997757606226
0.95552 0.997763503383
0.958506 0.997769400539
0.961492 0.997772349118
0.964478 0.997773823407
0.967464 0.997781194852
0.97045 0.99778561772
0.973436 0.997792989165
0.976422 0.997794463455
0.979408 0.997803309189
0.982394 0.997809206346
0.98538 0.99781952637
0.988366 0.997825423526
0.991352 0.997831320683
0.994338 0.997834269261
0.997324 0.997844589285
1.00031 0.99785343502
1.003296 0.997863755044
1.006282 0.9978696522
1.009268 0.997877023646
1.012254 0.997885869381
1.01524 0.997893240827
1.018226 0.997897663694
1.021212 0.997902086561
1.024198 0.99790503514
1.027184 0.997913880874
1.03017 0.997919778031
1.033156 0.997922726609
1.036142 0.997928623766
1.039128 0.997937469501
1.042114 0.997946315235
1.0451 0.997953686681
1.048086 0.997965480994
1.051072 0.997969903862
1.054058 0.997977275307
1.057044 0.997980223886
1.06003 0.99798906962
1.063016 0.997997915355
1.066002 0.998002338223
1.068988 0.99800676109
1.071974 0.998017081114
1.07496 0.998021503981
1.077946 0.998030349716
1.080932 0.998036246873
1.083918 0.998045092607
1.086904 0.998053938342
1.08989 0.99805836121
1.092876 0.998064258366
1.095862 0.998068681234
1.098848 0.998079001258
1.101834 0.998083424125
1.10482 0.998089321282
1.107806 0.99809226986
1.110792 0.998096692727
1.113778 0.998101115595
1.116764 0.998104064173
1.11975 0.998107012751
1.122736 0.998112909908
1.125722 0.998123229932
1.128708 0.998127652799
1.131694 0.998133549956
1.13468 0.998143869979
1.137666 0.998145344269
1.140652 0.998158612871
1.143638 0.998167458606
1.146624 0.998171881473
1.14961 0.99817630434
1.152596 0.998183675786
1.155582 0.998186624364
1.158568 0.99819399581
1.161554 0.998196944388
1.16454 0.998198418677
1.167526 0.998208738701
1.170512 0.998217584436
1.173498 0.998226430171
1.176484 0.998230853038
1.17947 0.998235275906
1.182456 0.998242647352
1.185442 0.998247070219
1.188428 0.998252967375
1.191414 0.998263287399
1.1944 0.998275081712
1.197386 0.998282453158
1.200372 0.998292773182
1.203358 0.998297196049
1.206344 0.998300144628
1.20933 0.998310464652
1.212316 0.998314887519
1.215302 0.998322258965
1.218288 0.998326681832
1.221274 0.998332578989
1.22426 0.998339950434
1.227246 0.998342899013
1.230232 0.998345847591
1.233218 0.998354693326
1.236204 0.99836501335
1.23919 0.998375333374
1.242176 0.998379756241
1.245162 0.998384179108
1.248148 0.998391550554
1.251134 0.998403344867
1.25412 0.998410716313
1.257106 0.998421036337
1.260092 0.998426933493
1.263078 0.998428407782
1.266064 0.99843283065
1.26905 0.998438727806
1.272036 0.998440202096
1.275022 0.998447573541
1.278008 0.998453470698
1.280994 0.998459367854
1.28398 0.998468213589
1.286966 0.998471162167
1.289952 0.998478533613
1.292938 0.99848295648
1.295924 0.998493276504
1.29891 0.998499173661
1.301896 0.998502122239
1.304882 0.998505070817
1.307868 0.998510967974
1.310854 0.998522762287
1.31384 0.998533082311
1.316826 0.9985345566
1.319812 0.998541928046
1.322798 0.998547825202
1.325784 0.998555196648
1.32877 0.998562568094
1.331756 0.998572888118
1.334742 0.998581733852
1.337728 0.998587631009
1.340714 0.998592053876
1.3437 0.998596476744
1.346686 0.998600899611
1.349672 0.998603848189
1.352658 0.998609745346
1.355644 0.998615642503
1.35863 0.998617116792
1.361616 0.998623013948
1.364602 0.998627436816
1.367588 0.998643653996
1.370574 0.998651025442
1.37356 0.998656922598
1.376546 0.998659871177
1.379532 0.998668716911
1.382518 0.998676088357
1.385504 0.99868788267
1.38849 0.998692305538
1.391476 0.998696728405
1.394462 0.998701151272
1.397448 0.99870557414
1.400434 0.998707048429
1.40342 0.998712945585
1.406406 0.99872179132
1.409392 0.998729162766
1.412378 0.998733585633
1.415364 0.99873948279
1.41835 0.998751277103
1.421336 0.998764545705
1.424322 0.998770442862
1.427308 0.998774865729
1.430294 0.99879108291
1.43328 0.998799928644
1.436266 0.998810248668
1.439252 0.998820568692
1.442238 0.998826465849
1.445224 0.998835311584
1.44821 0.998836785873
1.451196 0.998842683029
1.454182 0.99885890021
1.457168 0.998869220234
1.460154 0.998870694523
1.46314 0.998876591679
1.466126 0.998882488836
1.469112 0.998889860282
1.472098 0.998895757438
1.475084 0.99890902604
1.47807 0.998922294643
1.481056 0.998939986112
1.484042 0.99894293469
1.487028 0.998950306136
1.490014 0.998953254714
1.493 0.998954729004
1.495986 0.998965049027
1.498972 0.998970946184
1.501958 0.998976843341
1.504944 0.998982740497
1.50793 0.998988637654
1.510916 0.998996009099
1.513902 0.999001906256
1.516888 0.999003380545
1.519874 0.99901222628
1.52286 0.999013700569
1.525846 0.999024020593
1.528832 0.999029917749
1.531818 0.999044660641
1.534804 0.999053506376
1.53779 0.999060877821
1.540776 0.999065300689
1.543762 0.999077095002
1.546748 0.99908004358
1.549734 0.999082992158
1.55272 0.999090363604
1.555706 0.999094786471
1.558692 0.999100683628
1.561678 0.999106580784
1.564664 0.999112477941
1.56765 0.999118375097
1.570636 0.999128695121
1.573622 0.999130169411
1.576608 0.999134592278
1.579594 0.999136066567
1.58258 0.999139015145
1.585566 0.999146386591
1.588552 0.999152283748
1.591538 0.999159655193
1.594524 0.99916555235
1.59751 0.999169975217
1.600496 0.999172923795
1.603482 0.999178820952
1.606468 0.999183243819
1.609454 0.999189140976
1.61244 0.999193563843
1.615426 0.999195038132
1.618412 0.999200935289
1.621398 0.999208306735
1.624384 0.999208306735
1.62737 0.999209781024
1.630356 0.999212729602
1.633342 0.999214203891
1.636328 0.99921715247
1.639314 0.999224523915
1.6423 0.999227472493
1.645286 0.999231895361
1.648272 0.999236318228
1.651258 0.999242215385
1.654244 0.999243689674
1.65723 0.999246638252
1.660216 0.999248112541
1.663202 0.99925106112
1.666188 0.999259906854
1.669174 0.999261381144
1.67216 0.999264329722
1.675146 0.999268752589
1.678132 0.999273175457
1.681118 0.999276124035
1.684104 0.999283495481
1.68709 0.999287918348
1.690076 0.999289392637
1.693062 0.999290866926
1.696048 0.999293815505
1.699034 0.999295289794
1.70202 0.999302661239
1.705006 0.999308558396
1.707992 0.999308558396
1.710978 0.999310032685
1.713964 0.999311506974
1.71695 0.999312981263
1.719936 0.999312981263
1.722922 0.99931887842
1.725908 0.999321826998
1.728894 0.999323301287
1.73188 0.999329198444
1.734866 0.999329198444
1.737852 0.999333621311
1.740838 0.999338044179
1.743824 0.999338044179
1.74681 0.999338044179
1.749796 0.999338044179
1.752782 0.999339518468
1.755768 0.999340992757
1.758754 0.999346889913
1.76174 0.999349838492
1.764726 0.999351312781
1.767712 0.999354261359
1.770698 0.999355735648
1.773684 0.999357209937
1.77667 0.999361632805
1.779656 0.999363107094
1.782642 0.999364581383
1.785628 0.999366055672
1.788614 0.999367529961
1.7916 0.999367529961
1.794586 0.999371952829
1.797572 0.999373427118
1.800558 0.999377849985
1.803544 0.999382272853
1.80653 0.999383747142
1.809516 0.999389644298
1.812502 0.999392592877
1.815488 0.999392592877
1.818474 0.999401438611
1.82146 0.9994029129
1.824446 0.9994029129
1.827432 0.999408810057
1.830418 0.999411758635
1.833404 0.999416181503
1.83639 0.999422078659
1.839376 0.999426501527
1.842362 0.999427975816
1.845348 0.999427975816
1.848334 0.999429450105
1.85132 0.999432398683
1.854306 0.999436821551
1.857292 0.99943829584
1.860278 0.999444192996
1.863264 0.999445667285
1.86625 0.999453038731
1.869236 0.99945451302
1.872222 0.999458935888
1.875208 0.999461884466
1.878194 0.999463358755
1.88118 0.999463358755
1.884166 0.999467781622
1.887152 0.999467781622
1.890138 0.99947220449
1.893124 0.999476627357
1.89611 0.999476627357
1.899096 0.999476627357
1.902082 0.999486947381
1.905068 0.999486947381
1.908054 0.99948842167
1.91104 0.99948842167
1.914026 0.999491370249
1.917012 0.999491370249
1.919998 0.999495793116
1.922984 0.999497267405
1.92597 0.999500215983
1.928956 0.999503164562
1.931942 0.99950611314
1.934928 0.999509061718
1.937914 0.999513484586
1.9409 0.999513484586
1.943886 0.999513484586
1.946872 0.999516433164
1.949858 0.999517907453
1.952844 0.99952233032
1.95583 0.999525278899
1.958816 0.999525278899
1.961802 0.999528227477
1.964788 0.999531176055
1.967774 0.999531176055
1.97076 0.999532650344
1.973746 0.999534124633
1.976732 0.999535598923
1.979718 0.99954002179
1.982704 0.999544444657
1.98569 0.999545918947
1.988676 0.999547393236
1.991662 0.999547393236
1.994648 0.999550341814
1.997634 0.999553290392
2.00062 0.999553290392
2.003606 0.999554764681
2.006592 0.99955623897
2.009578 0.999562136127
2.012564 0.999565084705
2.01555 0.999566558994
2.018536 0.999566558994
2.021522 0.999568033284
2.024508 0.999568033284
2.027494 0.999572456151
2.03048 0.999576879018
2.033466 0.999578353307
2.036452 0.999579827597
2.039438 0.999581301886
2.042424 0.999584250464
2.04541 0.999587199042
2.048396 0.999588673331
2.051382 0.999588673331
2.054368 0.99959162191
2.057354 0.999594570488
2.06034 0.999594570488
2.063326 0.999598993355
2.066312 0.999603416223
2.069298 0.999604890512
2.072284 0.999606364801
2.07527 0.99960783909
2.078256 0.999615210536
2.081242 0.999618159114
2.084228 0.999618159114
2.087214 0.999621107692
2.0902 0.999622581982
2.093186 0.99962553056
2.096172 0.99962553056
2.099158 0.99962553056
2.102144 0.999628479138
2.10513 0.999631427716
2.108116 0.999632902005
2.111102 0.999635850584
2.114088 0.999640273451
2.117074 0.999643222029
2.12006 0.999644696319
2.123046 0.999647644897
2.126032 0.999650593475
2.129018 0.999653542053
2.132004 0.99965943921
2.13499 0.999663862077
2.137976 0.999663862077
2.140962 0.999663862077
2.143948 0.999663862077
2.146934 0.999665336366
2.14992 0.999669759234
2.152906 0.999672707812
2.155892 0.999678604969
2.158878 0.999683027836
2.161864 0.999683027836
2.16485 0.999685976414
2.167836 0.999687450703
2.170822 0.999688924993
2.173808 0.999691873571
2.176794 0.999694822149
2.17978 0.999697770727
2.182766 0.999699245017
2.185752 0.999700719306
2.188738 0.999702193595
2.191724 0.999702193595
2.19471 0.999703667884
2.197696 0.999705142173
2.200682 0.999705142173
2.203668 0.999708090751
2.206654 0.999713987908
2.20964 0.999713987908
2.212626 0.999713987908
2.215612 0.999715462197
2.218598 0.999716936486
2.221584 0.999722833643
2.22457 0.999722833643
2.227556 0.999724307932
2.230542 0.999724307932
2.233528 0.999724307932
2.236514 0.99972725651
2.2395 0.99972725651
2.242486 0.999728730799
2.245472 0.999731679377
2.248458 0.999734627956
2.251444 0.999734627956
2.25443 0.999737576534
2.257416 0.999737576534
2.260402 0.999739050823
2.263388 0.999740525112
2.266374 0.999743473691
2.26936 0.99974494798
2.272346 0.999746422269
2.275332 0.999749370847
2.278318 0.999749370847
2.281304 0.999752319425
2.28429 0.999755268004
2.287276 0.999758216582
2.290262 0.99976116516
2.293248 0.999762639449
2.296234 0.999764113738
2.29922 0.999767062317
2.302206 0.999768536606
2.305192 0.999777382341
2.308178 0.99977885663
2.311164 0.999780330919
2.31415 0.999781805208
2.317136 0.999784753786
2.320122 0.999784753786
2.323108 0.999784753786
2.326094 0.999787702365
2.32908 0.999787702365
2.332066 0.999789176654
2.335052 0.999790650943
2.338038 0.999793599521
2.341024 0.99979507381
2.34401 0.99979507381
2.346996 0.999798022389
2.349982 0.999800970967
2.352968 0.999800970967
2.355954 0.999800970967
2.35894 0.999802445256
2.361926 0.999805393834
2.364912 0.999808342413
2.367898 0.999809816702
2.370884 0.999809816702
2.37387 0.999809816702
2.376856 0.999809816702
2.379842 0.999811290991
2.382828 0.99981276528
2.385814 0.99981276528
2.3888 0.99981276528
2.391786 0.99981276528
2.394772 0.99981276528
2.397758 0.99981276528
2.400744 0.999814239569
2.40373 0.999817188147
2.406716 0.999818662436
2.409702 0.999818662436
2.412688 0.999818662436
2.415674 0.999818662436
2.41866 0.999818662436
2.421646 0.999821611015
2.424632 0.999821611015
2.427618 0.999823085304
2.430604 0.999823085304
2.43359 0.999824559593
2.436576 0.99982898246
2.439562 0.999831931039
2.442548 0.999833405328
2.445534 0.999834879617
2.44852 0.999839302484
2.451506 0.999839302484
2.454492 0.999840776773
2.457478 0.999840776773
2.460464 0.999842251063
2.46345 0.999845199641
2.466436 0.999845199641
2.469422 0.999845199641
2.472408 0.999845199641
2.475394 0.999845199641
2.47838 0.99984667393
2.481366 0.999848148219
2.484352 0.999848148219
2.487338 0.999852571087
2.490324 0.999852571087
2.49331 0.999852571087
2.496296 0.999852571087
2.499282 0.999852571087
2.502268 0.999852571087
2.505254 0.999855519665
2.50824 0.999855519665
2.511226 0.999855519665
2.514212 0.999855519665
2.517198 0.999856993954
2.520184 0.999856993954
2.52317 0.999856993954
2.526156 0.999858468243
2.529142 0.99986289111
2.532128 0.99986289111
2.535114 0.9998643654
2.5381 0.9998643654
2.541086 0.9998643654
2.544072 0.9998643654
2.547058 0.9998643654
2.550044 0.999865839689
2.55303 0.999865839689
2.556016 0.999865839689
2.559002 0.999867313978
2.561988 0.999868788267
2.564974 0.999870262556
2.56796 0.999871736845
2.570946 0.999873211134
2.573932 0.999876159713
2.576918 0.999876159713
2.579904 0.999879108291
2.58289 0.999879108291
2.585876 0.99988058258
2.588862 0.99988058258
2.591848 0.99988058258
2.594834 0.99988058258
2.59782 0.99988058258
2.600806 0.99988058258
2.603792 0.99988058258
2.606778 0.99988058258
2.609764 0.999882056869
2.61275 0.999882056869
2.615736 0.999883531158
2.618722 0.999886479737
2.621708 0.999889428315
2.624694 0.999889428315
2.62768 0.999889428315
2.630666 0.999889428315
2.633652 0.999895325471
2.636638 0.999896799761
2.639624 0.999896799761
2.64261 0.99989827405
2.645596 0.999899748339
2.648582 0.999902696917
2.651568 0.999904171206
2.654554 0.999904171206
2.65754 0.999904171206
2.660526 0.999904171206
2.663512 0.999905645495
2.666498 0.999907119785
2.669484 0.999907119785
2.67247 0.999908594074
2.675456 0.999908594074
2.678442 0.999910068363
2.681428 0.999910068363
2.684414 0.999913016941
2.6874 0.999913016941
2.690386 0.999920388387
2.693372 0.999921862676
2.696358 0.999923336965
2.699344 0.999923336965
2.70233 0.999923336965
2.705316 0.999923336965
2.708302 0.999924811254
2.711288 0.999924811254
2.714274 0.999926285543
2.71726 0.999926285543
2.720246 0.999927759832
2.723232 0.999927759832
2.726218 0.999929234122
2.729204 0.999929234122
2.73219 0.999929234122
2.735176 0.999930708411
2.738162 0.9999321827
2.741148 0.999933656989
2.744134 0.999935131278
2.74712 0.999935131278
2.750106 0.999938079856
2.753092 0.999939554145
2.756078 0.999939554145
2.759064 0.999941028435
2.76205 0.999941028435
2.765036 0.999941028435
2.768022 0.999941028435
2.771008 0.999941028435
2.773994 0.999941028435
2.77698 0.999942502724
2.779966 0.999943977013
2.782952 0.999943977013
2.785938 0.999943977013
2.788924 0.999943977013
2.79191 0.999945451302
2.794896 0.99994839988
2.797882 0.999949874169
2.800868 0.999951348459
2.803854 0.999952822748
2.80684 0.999952822748
2.809826 0.999952822748
2.812812 0.999954297037
2.815798 0.999955771326
2.818784 0.999957245615
2.82177 0.999957245615
2.824756 0.999957245615
2.827742 0.999960194193
2.830728 0.999961668483
2.833714 0.999963142772
2.8367 0.999964617061
2.839686 0.999967565639
2.842672 0.999969039928
2.845658 0.999969039928
2.848644 0.999969039928
2.85163 0.999969039928
2.854616 0.999970514217
2.857602 0.999970514217
2.860588 0.999970514217
2.863574 0.999970514217
2.86656 0.999971988506
2.869546 0.999971988506
2.872532 0.999971988506
2.875518 0.999974937085
2.878504 0.999974937085
2.88149 0.999976411374
2.884476 0.999976411374
2.887462 0.999976411374
2.890448 0.999976411374
2.893434 0.999977885663
2.89642 0.999977885663
2.899406 0.999977885663
2.902392 0.999979359952
2.905378 0.999980834241
2.908364 0.99998230853
2.91135 0.99998230853
2.914336 0.99998230853
2.917322 0.99998230853
2.920308 0.999986731398
2.923294 0.999986731398
2.92628 0.999986731398
2.929266 0.999988205687
2.932252 0.999988205687
2.935238 0.999989679976
2.938224 0.999989679976
2.94121 0.999989679976
2.944196 0.999989679976
2.947182 0.999991154265
2.950168 0.999991154265
2.953154 0.999991154265
2.95614 0.999991154265
2.959126 0.999991154265
2.962112 0.999991154265
2.965098 0.999991154265
2.968084 0.999994102843
2.97107 0.999994102843
2.974056 0.999995577133
2.977042 0.999998525711
2.980028 0.999998525711
2.983014 1.0